0.192520000,-0.202075000,0.262422000,0.799332013,0.108328487,-0.530382538,0.260821078
0.191408000,-0.202518000,0.261987000,0.799064617,0.108045015,-0.531315742,0.259856873
0.190146000,-0.203282000,0.261167000,0.798794928,0.108350784,-0.532396281,0.258342739
0.188979000,-0.204325000,0.260265000,0.799019316,0.108750718,-0.532171893,0.257942804
0.188015000,-0.205282000,0.259503000,0.799242504,0.109151325,-0.531948706,0.257542198
0.187169000,-0.206231000,0.258717000,0.799693007,0.109365644,-0.531350663,0.257287237
0.186187000,-0.207158000,0.258009000,0.799766901,0.109499852,-0.531276770,0.257153029
0.185006000,-0.208135000,0.257187000,0.799813537,0.109688770,-0.531560852,0.256339111
0.184193000,-0.208979000,0.256563000,0.800061133,0.110037421,-0.530982538,0.256615459
0.183315000,-0.209733000,0.255881000,0.800207442,0.110306646,-0.530836229,0.256346234
0.182342000,-0.210677000,0.255235000,0.800280394,0.110441369,-0.530763277,0.256211512
0.181378000,-0.211449000,0.254542000,0.800268109,0.111029591,-0.530923101,0.255663931
0.180231000,-0.212450000,0.253674000,0.800309139,0.111216471,-0.531212476,0.254851885
0.179421000,-0.213186000,0.253042000,0.800452506,0.111485712,-0.531069110,0.254582645
0.178565000,-0.214005000,0.252392000,0.800468076,0.112020687,-0.530870338,0.254713385
0.177692000,-0.214832000,0.251742000,0.800666545,0.111890108,-0.530855071,0.254178249
0.176651000,-0.215758000,0.251001000,0.800808563,0.112160062,-0.530713052,0.253908295
0.175627000,-0.216596000,0.250282000,0.800717459,0.112610317,-0.530951049,0.253498424
0.174790000,-0.217363000,0.249554000,0.800928184,0.113015283,-0.530740324,0.253093458
0.173499000,-0.218381000,0.248683000,0.800891046,0.113063638,-0.531106930,0.252419443
0.172463000,-0.219295000,0.247852000,0.801225379,0.113203163,-0.530955172,0.251613873
0.171532000,-0.220141000,0.247106000,0.801306683,0.113874239,-0.530691293,0.251608842
0.170374000,-0.221085000,0.246297000,0.801334701,0.114055598,-0.530992117,0.250801494
0.169241000,-0.222060000,0.245435000,0.801539211,0.114461419,-0.530787607,0.250395673
0.168149000,-0.222892000,0.244710000,0.801438884,0.114906631,-0.531033868,0.249990424
0.167167000,-0.223834000,0.243997000,0.801394774,0.114950166,-0.531405881,0.249320407
0.166187000,-0.224785000,0.243201000,0.801595721,0.115355451,-0.531204934,0.248915122
0.165256000,-0.225648000,0.242552000,0.801786723,0.115225096,-0.531195900,0.248379031
0.164211000,-0.226581000,0.241765000,0.801985845,0.115631282,-0.530996779,0.247972846
0.163197000,-0.227473000,0.240995000,0.802117915,0.115902403,-0.530864708,0.247701725
0.162218000,-0.228360000,0.240179000,0.802076502,0.116479432,-0.531051429,0.247164332
0.161178000,-0.229194000,0.239455000,0.802091195,0.116654122,-0.531363385,0.246362505
0.160133000,-0.230045000,0.238705000,0.802220632,0.116924980,-0.531233948,0.246091647
0.159090000,-0.230980000,0.237911000,0.802232411,0.117098069,-0.531548191,0.245291095
0.157898000,-0.231925000,0.237056000,0.802242258,0.117269851,-0.531863739,0.244491525
0.156797000,-0.232834000,0.236190000,0.802432482,0.117675704,-0.531673515,0.244085672
0.155695000,-0.233752000,0.235395000,0.802258046,0.118512833,-0.531810916,0.243954679
0.154819000,-0.234535000,0.234684000,0.802504959,0.118517547,-0.531745070,0.243282885
0.153831000,-0.235454000,0.233924000,0.802629454,0.118788432,-0.531620575,0.243012000
0.152769000,-0.236416000,0.233178000,0.802874676,0.118793802,-0.531556086,0.242339460
0.151795000,-0.237316000,0.232397000,0.802938318,0.119466728,-0.531311711,0.242333705
0.150719000,-0.238205000,0.231616000,0.803059108,0.119368139,-0.531695793,0.241136685
0.149792000,-0.238972000,0.230955000,0.803180605,0.119639624,-0.531574296,0.240865200
0.148785000,-0.239840000,0.230166000,0.803117462,0.120206608,-0.531780843,0.240336948
0.147837000,-0.240695000,0.229493000,0.803237321,0.120478064,-0.531660984,0.240065492
0.146757000,-0.241561000,0.228737000,0.803111509,0.120907767,-0.531929867,0.239674431
0.145748000,-0.242457000,0.227961000,0.803349605,0.120913146,-0.531871894,0.239001486
0.144729000,-0.243395000,0.227251000,0.803406729,0.121586461,-0.531634646,0.238995738
0.143664000,-0.244293000,0.226492000,0.803643128,0.121592576,-0.531578372,0.238322057
0.142650000,-0.245085000,0.225709000,0.803570852,0.122155543,-0.531793404,0.237797570
0.141538000,-0.246009000,0.224934000,0.803686222,0.122427436,-0.531678034,0.237525677
0.140529000,-0.246794000,0.224215000,0.803672020,0.122586871,-0.532014488,0.236736834
0.139666000,-0.247595000,0.223486000,0.803842633,0.122994613,-0.531843874,0.236329092
0.138571000,-0.248538000,0.222757000,0.804073623,0.123000845,-0.531792379,0.235654973
0.137537000,-0.249431000,0.221914000,0.803993118,0.123559847,-0.532015011,0.235134128
0.136572000,-0.250311000,0.221271000,0.804166236,0.123429869,-0.532021073,0.234596058
0.135575000,-0.251227000,0.220520000,0.804277130,0.123702125,-0.531910179,0.234323802
0.134603000,-0.252118000,0.219781000,0.804504404,0.123708687,-0.531861751,0.233649101
0.133620000,-0.253045000,0.218986000,0.804551980,0.124383731,-0.531635329,0.233642196
0.132577000,-0.253845000,0.218300000,0.804527070,0.124537677,-0.531980916,0.232858039
0.131697000,-0.254693000,0.217615000,0.804635117,0.124810331,-0.531872868,0.232585384
0.130601000,-0.255547000,0.216877000,0.804544850,0.125364775,-0.532104632,0.232068778
0.129628000,-0.256399000,0.216113000,0.804767079,0.125371307,-0.532060953,0.231393877
0.128481000,-0.257384000,0.215342000,0.804872829,0.125644119,-0.531955203,0.231121065
0.127573000,-0.258214000,0.214615000,0.805093356,0.125651201,-0.531912891,0.230445524
0.126595000,-0.258995000,0.213917000,0.804882123,0.126468996,-0.532087091,0.230333866
0.125588000,-0.259882000,0.213108000,0.805152167,0.126612439,-0.531995280,0.229521893
0.124538000,-0.260783000,0.212362000,0.805001248,0.127025778,-0.532287066,0.229146072
0.123696000,-0.261536000,0.211668000,0.805153815,0.127435079,-0.532134499,0.228736771
0.122680000,-0.262388000,0.211009000,0.805318597,0.127305556,-0.532147636,0.228197605
0.121630000,-0.263257000,0.210207000,0.805469320,0.127715539,-0.531996913,0.227787623
0.120572000,-0.264125000,0.209509000,0.805314233,0.128126040,-0.532292550,0.227414480
0.119623000,-0.264962000,0.208792000,0.805526718,0.128133048,-0.532257668,0.226738624
0.118732000,-0.265757000,0.208100000,0.805738182,0.128140320,-0.532223472,0.226062416
0.117644000,-0.266685000,0.207325000,0.805771523,0.128816834,-0.532012863,0.226054838
0.116519000,-0.267592000,0.206546000,0.805725042,0.128958285,-0.532376865,0.225281581
0.115635000,-0.268402000,0.205826000,0.805868912,0.129368523,-0.532232995,0.224871342
0.114645000,-0.269241000,0.205113000,0.805964141,0.129642254,-0.532137766,0.224597611
0.113496000,-0.270236000,0.204228000,0.806217950,0.129787193,-0.532060910,0.223783577
0.112610000,-0.271007000,0.203574000,0.806054056,0.130191512,-0.532364741,0.223416229
0.111654000,-0.271852000,0.202838000,0.806258477,0.130199142,-0.532336956,0.222739346
0.110679000,-0.272702000,0.202161000,0.806350744,0.130473156,-0.532244690,0.222465332
0.109666000,-0.273598000,0.201421000,0.806553456,0.130481261,-0.532218279,0.221787885
0.108610000,-0.274498000,0.200665000,0.806320156,0.131285877,-0.532414899,0.221689424
0.107575000,-0.275314000,0.199992000,0.806586438,0.130890417,-0.532500922,0.220745973
0.106665000,-0.276158000,0.199281000,0.806720605,0.131301746,-0.532366756,0.220334643
0.105799000,-0.276979000,0.198622000,0.806809363,0.131576189,-0.532277997,0.220060200
0.104882000,-0.277804000,0.197940000,0.806571484,0.132377930,-0.532479195,0.219964615
0.103646000,-0.278877000,0.196995000,0.806811923,0.132523074,-0.532414760,0.219149901
0.102645000,-0.279691000,0.196291000,0.807007612,0.132531376,-0.532394740,0.218471941
0.101543000,-0.280583000,0.195511000,0.807093278,0.132806075,-0.532309074,0.218197242
0.100573000,-0.281427000,0.194804000,0.807287255,0.132814816,-0.532290432,0.217518757
0.099604000,-0.282251000,0.194037000,0.807152063,0.133346591,-0.532564648,0.217023340
0.098626000,-0.283083000,0.193288000,0.807276960,0.133758660,-0.532439751,0.216611271
0.097681000,-0.283956000,0.192538000,0.807359537,0.134033580,-0.532357173,0.216336351
0.096468000,-0.284979000,0.191692000,0.807327566,0.134296337,-0.532702870,0.215439893
0.095443000,-0.285899000,0.190910000,0.807341048,0.134974730,-0.532514352,0.215431471
0.094415000,-0.286739000,0.190197000,0.807528707,0.134983403,-0.532501729,0.214752827
0.093533000,-0.287517000,0.189552000,0.807608202,0.135258510,-0.532422234,0.214477720
0.092721000,-0.288233000,0.188919000,0.807794146,0.135267586,-0.532410991,0.213798585
0.091778000,-0.289019000,0.188305000,0.807872402,0.135543048,-0.532332735,0.213523124
0.090977000,-0.289763000,0.187662000,0.807950106,0.135818665,-0.532255031,0.213247506
0.090211000,-0.290364000,0.187105000,0.808095205,0.135690407,-0.532284297,0.212705618
0.089247000,-0.291197000,0.186480000,0.807907473,0.136076736,-0.532610437,0.212355264
0.088416000,-0.291936000,0.185827000,0.808021272,0.136489853,-0.532496639,0.211942148
0.087496000,-0.292643000,0.185236000,0.808164730,0.136361388,-0.532527229,0.211400311
0.086559000,-0.293426000,0.184566000,0.808276668,0.136775012,-0.532415291,0.210986686
0.085682000,-0.294198000,0.183852000,0.808350604,0.137050947,-0.532341355,0.210710751
0.084746000,-0.294998000,0.183146000,0.808460472,0.137465126,-0.532231487,0.210296572
0.083830000,-0.295809000,0.182525000,0.808335880,0.137442802,-0.532667902,0.209684257
0.082936000,-0.296574000,0.181785000,0.808443622,0.137856466,-0.532560160,0.209270593
0.081960000,-0.297447000,0.181080000,0.808687988,0.137461832,-0.532662250,0.208324050
0.080987000,-0.298273000,0.180412000,0.808758574,0.137737929,-0.532591664,0.208047954
